=====================================================================
Resolução da imagem:
176 x 144
=====================================================================

=====================================================================
Quantidade de pixels:
25344
=====================================================================

=====================================================================
Vetor original de pixels: 
Primeiros 50 pixels:
[237 220 219 218 218 222 222 218 210 205 203 199 197 198 190 185 183 184
 189 186 179 176 176 179 188 193 195 195 193 192 191 185 176 167 168 166
 167 169 166 169 181 200 210 205 200 201 205 202 200 200]

Últimos 50 pixels:
[111 112 115 120 123 116  98  42  31  35  36  34  34  53 156 198 198 223
 233 222 228 241 248 240 225 218 210 197 196 193 188 172 156 144 137 144
 176 171 142 121 102 116 163 218 230 215 152 144 203 238]
=====================================================================

=====================================================================
Dicionário gerado: 
Primeiras 300 entradas:
(0,) -> 0
(1,) -> 1
(2,) -> 2
(3,) -> 3
(4,) -> 4
(5,) -> 5
(6,) -> 6
(7,) -> 7
(8,) -> 8
(9,) -> 9
(10,) -> 10
(11,) -> 11
(12,) -> 12
(13,) -> 13
(14,) -> 14
(15,) -> 15
(16,) -> 16
(17,) -> 17
(18,) -> 18
(19,) -> 19
(20,) -> 20
(21,) -> 21
(22,) -> 22
(23,) -> 23
(24,) -> 24
(25,) -> 25
(26,) -> 26
(27,) -> 27
(28,) -> 28
(29,) -> 29
(30,) -> 30
(31,) -> 31
(32,) -> 32
(33,) -> 33
(34,) -> 34
(35,) -> 35
(36,) -> 36
(37,) -> 37
(38,) -> 38
(39,) -> 39
(40,) -> 40
(41,) -> 41
(42,) -> 42
(43,) -> 43
(44,) -> 44
(45,) -> 45
(46,) -> 46
(47,) -> 47
(48,) -> 48
(49,) -> 49
(50,) -> 50
(51,) -> 51
(52,) -> 52
(53,) -> 53
(54,) -> 54
(55,) -> 55
(56,) -> 56
(57,) -> 57
(58,) -> 58
(59,) -> 59
(60,) -> 60
(61,) -> 61
(62,) -> 62
(63,) -> 63
(64,) -> 64
(65,) -> 65
(66,) -> 66
(67,) -> 67
(68,) -> 68
(69,) -> 69
(70,) -> 70
(71,) -> 71
(72,) -> 72
(73,) -> 73
(74,) -> 74
(75,) -> 75
(76,) -> 76
(77,) -> 77
(78,) -> 78
(79,) -> 79
(80,) -> 80
(81,) -> 81
(82,) -> 82
(83,) -> 83
(84,) -> 84
(85,) -> 85
(86,) -> 86
(87,) -> 87
(88,) -> 88
(89,) -> 89
(90,) -> 90
(91,) -> 91
(92,) -> 92
(93,) -> 93
(94,) -> 94
(95,) -> 95
(96,) -> 96
(97,) -> 97
(98,) -> 98
(99,) -> 99
(100,) -> 100
(101,) -> 101
(102,) -> 102
(103,) -> 103
(104,) -> 104
(105,) -> 105
(106,) -> 106
(107,) -> 107
(108,) -> 108
(109,) -> 109
(110,) -> 110
(111,) -> 111
(112,) -> 112
(113,) -> 113
(114,) -> 114
(115,) -> 115
(116,) -> 116
(117,) -> 117
(118,) -> 118
(119,) -> 119
(120,) -> 120
(121,) -> 121
(122,) -> 122
(123,) -> 123
(124,) -> 124
(125,) -> 125
(126,) -> 126
(127,) -> 127
(128,) -> 128
(129,) -> 129
(130,) -> 130
(131,) -> 131
(132,) -> 132
(133,) -> 133
(134,) -> 134
(135,) -> 135
(136,) -> 136
(137,) -> 137
(138,) -> 138
(139,) -> 139
(140,) -> 140
(141,) -> 141
(142,) -> 142
(143,) -> 143
(144,) -> 144
(145,) -> 145
(146,) -> 146
(147,) -> 147
(148,) -> 148
(149,) -> 149
(150,) -> 150
(151,) -> 151
(152,) -> 152
(153,) -> 153
(154,) -> 154
(155,) -> 155
(156,) -> 156
(157,) -> 157
(158,) -> 158
(159,) -> 159
(160,) -> 160
(161,) -> 161
(162,) -> 162
(163,) -> 163
(164,) -> 164
(165,) -> 165
(166,) -> 166
(167,) -> 167
(168,) -> 168
(169,) -> 169
(170,) -> 170
(171,) -> 171
(172,) -> 172
(173,) -> 173
(174,) -> 174
(175,) -> 175
(176,) -> 176
(177,) -> 177
(178,) -> 178
(179,) -> 179
(180,) -> 180
(181,) -> 181
(182,) -> 182
(183,) -> 183
(184,) -> 184
(185,) -> 185
(186,) -> 186
(187,) -> 187
(188,) -> 188
(189,) -> 189
(190,) -> 190
(191,) -> 191
(192,) -> 192
(193,) -> 193
(194,) -> 194
(195,) -> 195
(196,) -> 196
(197,) -> 197
(198,) -> 198
(199,) -> 199
(200,) -> 200
(201,) -> 201
(202,) -> 202
(203,) -> 203
(204,) -> 204
(205,) -> 205
(206,) -> 206
(207,) -> 207
(208,) -> 208
(209,) -> 209
(210,) -> 210
(211,) -> 211
(212,) -> 212
(213,) -> 213
(214,) -> 214
(215,) -> 215
(216,) -> 216
(217,) -> 217
(218,) -> 218
(219,) -> 219
(220,) -> 220
(221,) -> 221
(222,) -> 222
(223,) -> 223
(224,) -> 224
(225,) -> 225
(226,) -> 226
(227,) -> 227
(228,) -> 228
(229,) -> 229
(230,) -> 230
(231,) -> 231
(232,) -> 232
(233,) -> 233
(234,) -> 234
(235,) -> 235
(236,) -> 236
(237,) -> 237
(238,) -> 238
(239,) -> 239
(240,) -> 240
(241,) -> 241
(242,) -> 242
(243,) -> 243
(244,) -> 244
(245,) -> 245
(246,) -> 246
(247,) -> 247
(248,) -> 248
(249,) -> 249
(250,) -> 250
(251,) -> 251
(252,) -> 252
(253,) -> 253
(254,) -> 254
(255,) -> 255
(237, 220) -> 256
(220, 219) -> 257
(219, 218) -> 258
(218, 218) -> 259
(218, 222) -> 260
(222, 222) -> 261
(222, 218) -> 262
(218, 210) -> 263
(210, 205) -> 264
(205, 203) -> 265
(203, 199) -> 266
(199, 197) -> 267
(197, 198) -> 268
(198, 190) -> 269
(190, 185) -> 270
(185, 183) -> 271
(183, 184) -> 272
(184, 189) -> 273
(189, 186) -> 274
(186, 179) -> 275
(179, 176) -> 276
(176, 176) -> 277
(176, 179) -> 278
(179, 188) -> 279
(188, 193) -> 280
(193, 195) -> 281
(195, 195) -> 282
(195, 193) -> 283
(193, 192) -> 284
(192, 191) -> 285
(191, 185) -> 286
(185, 176) -> 287
(176, 167) -> 288
(167, 168) -> 289
(168, 166) -> 290
(166, 167) -> 291
(167, 169) -> 292
(169, 166) -> 293
(166, 169) -> 294
(169, 181) -> 295
(181, 200) -> 296
(200, 210) -> 297
(210, 205, 200) -> 298
(200, 201) -> 299

Últimas 100 entradas:
(96, 124, 137) -> 16910
(137, 139, 141) -> 16911
(141, 132) -> 16912
(132, 127, 135) -> 16913
(135, 134, 134) -> 16914
(134, 127, 129) -> 16915
(129, 142) -> 16916
(142, 148) -> 16917
(148, 170) -> 16918
(170, 188) -> 16919
(188, 240) -> 16920
(240, 243, 232) -> 16921
(232, 210, 185) -> 16922
(185, 163, 143) -> 16923
(143, 129) -> 16924
(129, 109) -> 16925
(109, 95) -> 16926
(95, 87, 91) -> 16927
(91, 84) -> 16928
(84, 80, 71) -> 16929
(71, 75, 76) -> 16930
(76, 71, 65) -> 16931
(65, 61, 64) -> 16932
(64, 65, 68) -> 16933
(68, 60, 68) -> 16934
(68, 85, 101) -> 16935
(101, 111, 105) -> 16936
(105, 134) -> 16937
(134, 197) -> 16938
(197, 218, 222) -> 16939
(222, 229, 218) -> 16940
(218, 191) -> 16941
(191, 194, 188) -> 16942
(188, 156) -> 16943
(156, 195, 209) -> 16944
(209, 160) -> 16945
(160, 62) -> 16946
(62, 16) -> 16947
(16, 35, 103) -> 16948
(103, 119) -> 16949
(119, 112, 62) -> 16950
(62, 26) -> 16951
(26, 50, 34) -> 16952
(34, 9) -> 16953
(9, 8, 14) -> 16954
(14, 7, 9) -> 16955
(9, 8, 9) -> 16956
(9, 12, 18) -> 16957
(18, 18, 14, 17) -> 16958
(17, 22, 52) -> 16959
(52, 79) -> 16960
(79, 39) -> 16961
(39, 47) -> 16962
(47, 56, 107) -> 16963
(107, 158) -> 16964
(158, 191) -> 16965
(191, 217) -> 16966
(217, 237) -> 16967
(237, 234, 233) -> 16968
(233, 240) -> 16969
(240, 236, 224) -> 16970
(224, 203) -> 16971
(203, 195, 195) -> 16972
(195, 188) -> 16973
(188, 184, 178) -> 16974
(178, 174, 170) -> 16975
(170, 147) -> 16976
(147, 145, 140) -> 16977
(140, 130, 122) -> 16978
(122, 117, 111) -> 16979
(111, 112, 115) -> 16980
(115, 120) -> 16981
(120, 123) -> 16982
(123, 116, 98) -> 16983
(98, 42, 31) -> 16984
(31, 35, 36) -> 16985
(36, 34, 34) -> 16986
(34, 53) -> 16987
(53, 156) -> 16988
(156, 198) -> 16989
(198, 198, 223) -> 16990
(223, 233) -> 16991
(233, 222, 228) -> 16992
(228, 241) -> 16993
(241, 248, 240) -> 16994
(240, 225, 218) -> 16995
(218, 210, 197) -> 16996
(197, 196, 193) -> 16997
(193, 188, 172) -> 16998
(172, 156, 144) -> 16999
(144, 137, 144) -> 17000
(144, 176) -> 17001
(176, 171, 142) -> 17002
(142, 121, 102) -> 17003
(102, 116) -> 17004
(116, 163, 218) -> 17005
(218, 230) -> 17006
(230, 215, 152) -> 17007
(152, 144, 203) -> 17008
(203, 238) -> 17009
=====================================================================

=====================================================================
Sequência codificada: 
Primeiros 50 códigos:
[237, 220, 219, 218, 218, 222, 222, 218, 210, 205, 203, 199, 197, 198, 190, 185, 183, 184, 189, 186, 179, 176, 176, 179, 188, 193, 195, 195, 193, 192, 191, 185, 176, 167, 168, 166, 167, 169, 166, 169, 181, 200, 264, 200, 201, 205, 202, 200, 299, 198]

Últimos 50 códigos:
[79, 39, 6482, 107, 158, 191, 217, 5084, 233, 1614, 224, 10381, 195, 1633, 2037, 170, 3201, 7031, 321, 1911, 115, 120, 800, 8972, 6240, 553, 34, 53, 156, 305, 223, 12161, 228, 1197, 9054, 263, 8321, 1212, 11785, 3950, 144, 5220, 6725, 102, 5755, 218, 12290, 795, 203, 238]
=====================================================================

=====================================================================
Tamanho da mensagem original: 
25344
=====================================================================

=====================================================================
Tamanho original em bits: 
202752
=====================================================================

=====================================================================
Tamanho comprimido em bits: 
154394
=====================================================================

=====================================================================
Porcentagem de compressão: 
23.85%
=====================================================================

