=====================================================================
Resolução da imagem:
1920 x 1080
=====================================================================

=====================================================================
Quantidade de pixels:
2073600
=====================================================================

=====================================================================
Vetor original de pixels: 
Primeiros 50 pixels:
[227 226 226 226 227 226 227 226 226 226 226 226 226 227 227 226 226 226
 226 226 226 226 225 225 226 225 225 226 226 227 227 226 226 226 227 227
 227 226 226 226 227 227 227 227 226 226 226 227 228 227]

Últimos 50 pixels:
[10 12 10 10 10  9  9  8  9 10 10  9  8  9  9 10 13 10  8  7 28 61 84 89
 93 87 82 81 78 83 61 58 48 45 51 46 49 50 50 51 51 49 50 51 49 47 46 52
 50 45]
=====================================================================

=====================================================================
Dicionário gerado: 
Primeiras 300 entradas:
(0,) -> 0
(1,) -> 1
(2,) -> 2
(3,) -> 3
(4,) -> 4
(5,) -> 5
(6,) -> 6
(7,) -> 7
(8,) -> 8
(9,) -> 9
(10,) -> 10
(11,) -> 11
(12,) -> 12
(13,) -> 13
(14,) -> 14
(15,) -> 15
(16,) -> 16
(17,) -> 17
(18,) -> 18
(19,) -> 19
(20,) -> 20
(21,) -> 21
(22,) -> 22
(23,) -> 23
(24,) -> 24
(25,) -> 25
(26,) -> 26
(27,) -> 27
(28,) -> 28
(29,) -> 29
(30,) -> 30
(31,) -> 31
(32,) -> 32
(33,) -> 33
(34,) -> 34
(35,) -> 35
(36,) -> 36
(37,) -> 37
(38,) -> 38
(39,) -> 39
(40,) -> 40
(41,) -> 41
(42,) -> 42
(43,) -> 43
(44,) -> 44
(45,) -> 45
(46,) -> 46
(47,) -> 47
(48,) -> 48
(49,) -> 49
(50,) -> 50
(51,) -> 51
(52,) -> 52
(53,) -> 53
(54,) -> 54
(55,) -> 55
(56,) -> 56
(57,) -> 57
(58,) -> 58
(59,) -> 59
(60,) -> 60
(61,) -> 61
(62,) -> 62
(63,) -> 63
(64,) -> 64
(65,) -> 65
(66,) -> 66
(67,) -> 67
(68,) -> 68
(69,) -> 69
(70,) -> 70
(71,) -> 71
(72,) -> 72
(73,) -> 73
(74,) -> 74
(75,) -> 75
(76,) -> 76
(77,) -> 77
(78,) -> 78
(79,) -> 79
(80,) -> 80
(81,) -> 81
(82,) -> 82
(83,) -> 83
(84,) -> 84
(85,) -> 85
(86,) -> 86
(87,) -> 87
(88,) -> 88
(89,) -> 89
(90,) -> 90
(91,) -> 91
(92,) -> 92
(93,) -> 93
(94,) -> 94
(95,) -> 95
(96,) -> 96
(97,) -> 97
(98,) -> 98
(99,) -> 99
(100,) -> 100
(101,) -> 101
(102,) -> 102
(103,) -> 103
(104,) -> 104
(105,) -> 105
(106,) -> 106
(107,) -> 107
(108,) -> 108
(109,) -> 109
(110,) -> 110
(111,) -> 111
(112,) -> 112
(113,) -> 113
(114,) -> 114
(115,) -> 115
(116,) -> 116
(117,) -> 117
(118,) -> 118
(119,) -> 119
(120,) -> 120
(121,) -> 121
(122,) -> 122
(123,) -> 123
(124,) -> 124
(125,) -> 125
(126,) -> 126
(127,) -> 127
(128,) -> 128
(129,) -> 129
(130,) -> 130
(131,) -> 131
(132,) -> 132
(133,) -> 133
(134,) -> 134
(135,) -> 135
(136,) -> 136
(137,) -> 137
(138,) -> 138
(139,) -> 139
(140,) -> 140
(141,) -> 141
(142,) -> 142
(143,) -> 143
(144,) -> 144
(145,) -> 145
(146,) -> 146
(147,) -> 147
(148,) -> 148
(149,) -> 149
(150,) -> 150
(151,) -> 151
(152,) -> 152
(153,) -> 153
(154,) -> 154
(155,) -> 155
(156,) -> 156
(157,) -> 157
(158,) -> 158
(159,) -> 159
(160,) -> 160
(161,) -> 161
(162,) -> 162
(163,) -> 163
(164,) -> 164
(165,) -> 165
(166,) -> 166
(167,) -> 167
(168,) -> 168
(169,) -> 169
(170,) -> 170
(171,) -> 171
(172,) -> 172
(173,) -> 173
(174,) -> 174
(175,) -> 175
(176,) -> 176
(177,) -> 177
(178,) -> 178
(179,) -> 179
(180,) -> 180
(181,) -> 181
(182,) -> 182
(183,) -> 183
(184,) -> 184
(185,) -> 185
(186,) -> 186
(187,) -> 187
(188,) -> 188
(189,) -> 189
(190,) -> 190
(191,) -> 191
(192,) -> 192
(193,) -> 193
(194,) -> 194
(195,) -> 195
(196,) -> 196
(197,) -> 197
(198,) -> 198
(199,) -> 199
(200,) -> 200
(201,) -> 201
(202,) -> 202
(203,) -> 203
(204,) -> 204
(205,) -> 205
(206,) -> 206
(207,) -> 207
(208,) -> 208
(209,) -> 209
(210,) -> 210
(211,) -> 211
(212,) -> 212
(213,) -> 213
(214,) -> 214
(215,) -> 215
(216,) -> 216
(217,) -> 217
(218,) -> 218
(219,) -> 219
(220,) -> 220
(221,) -> 221
(222,) -> 222
(223,) -> 223
(224,) -> 224
(225,) -> 225
(226,) -> 226
(227,) -> 227
(228,) -> 228
(229,) -> 229
(230,) -> 230
(231,) -> 231
(232,) -> 232
(233,) -> 233
(234,) -> 234
(235,) -> 235
(236,) -> 236
(237,) -> 237
(238,) -> 238
(239,) -> 239
(240,) -> 240
(241,) -> 241
(242,) -> 242
(243,) -> 243
(244,) -> 244
(245,) -> 245
(246,) -> 246
(247,) -> 247
(248,) -> 248
(249,) -> 249
(250,) -> 250
(251,) -> 251
(252,) -> 252
(253,) -> 253
(254,) -> 254
(255,) -> 255
(227, 226) -> 256
(226, 226) -> 257
(226, 226, 227) -> 258
(227, 226, 227) -> 259
(227, 226, 226) -> 260
(226, 226, 226) -> 261
(226, 226, 226, 227) -> 262
(227, 227) -> 263
(227, 226, 226, 226) -> 264
(226, 226, 226, 226) -> 265
(226, 226, 225) -> 266
(225, 225) -> 267
(225, 226) -> 268
(226, 225) -> 269
(225, 225, 226) -> 270
(226, 226, 227, 227) -> 271
(227, 226, 226, 226, 227) -> 272
(227, 227, 227) -> 273
(227, 226, 226, 226, 227, 227) -> 274
(227, 227, 227, 226) -> 275
(226, 226, 226, 227, 228) -> 276
(228, 227) -> 277
(227, 227, 227, 228) -> 278
(228, 228) -> 279
(228, 228, 228) -> 280
(228, 228, 227) -> 281
(227, 228) -> 282
(228, 229) -> 283
(229, 229) -> 284
(229, 229, 229) -> 285
(229, 229, 229, 229) -> 286
(229, 229, 228) -> 287
(228, 229, 228) -> 288
(228, 228, 229) -> 289
(229, 229, 229, 228) -> 290
(228, 229, 228, 230) -> 291
(230, 229) -> 292
(229, 229, 229, 229, 229) -> 293
(229, 230) -> 294
(230, 228) -> 295
(228, 229, 229) -> 296
(229, 229, 229, 229, 229, 229) -> 297
(229, 229, 230) -> 298
(230, 231) -> 299

Últimas 100 entradas:
(50, 50, 52, 35, 46) -> 479360
(46, 54, 54, 53) -> 479361
(53, 53, 58, 52) -> 479362
(52, 47, 42, 36) -> 479363
(36, 30, 31, 27) -> 479364
(27, 26, 22, 23) -> 479365
(23, 24, 25, 25, 24, 23) -> 479366
(23, 28, 25, 23) -> 479367
(23, 22, 23, 22, 21, 21) -> 479368
(21, 21, 20, 25) -> 479369
(25, 23, 24, 25, 22, 23) -> 479370
(23, 24, 25, 20, 22) -> 479371
(22, 22, 23, 20, 23) -> 479372
(23, 20, 19, 21, 21, 20) -> 479373
(20, 19, 19, 18, 20, 23) -> 479374
(23, 21, 21, 22, 21, 19) -> 479375
(19, 20, 21, 18, 19, 20) -> 479376
(20, 19, 19, 17, 19) -> 479377
(19, 18, 20, 17, 19) -> 479378
(19, 21, 19, 23) -> 479379
(23, 20, 24, 26) -> 479380
(26, 21, 19, 19, 15) -> 479381
(15, 16, 15, 16, 16, 17, 15) -> 479382
(15, 15, 15, 15, 15, 15, 14, 13) -> 479383
(13, 14, 15, 13) -> 479384
(13, 13, 14, 13, 14, 13, 13, 13) -> 479385
(13, 13, 13, 13, 14, 13, 13, 12) -> 479386
(12, 13, 13, 12, 11, 11, 11) -> 479387
(11, 11, 12, 10, 11, 11, 10) -> 479388
(10, 10, 10, 11, 9, 10, 9) -> 479389
(9, 9, 9, 9, 9, 9, 10, 9, 9, 10) -> 479390
(10, 10, 10, 10, 11, 10, 10, 10, 11, 11) -> 479391
(11, 12, 11, 10, 13) -> 479392
(13, 19, 70) -> 479393
(70, 78, 87, 97) -> 479394
(97, 100, 70) -> 479395
(70, 75, 94) -> 479396
(94, 71, 32) -> 479397
(32, 22, 21, 24) -> 479398
(24, 18, 18, 16) -> 479399
(16, 14, 13, 12, 10) -> 479400
(10, 11, 12, 13, 13, 15) -> 479401
(15, 14, 15, 14, 17) -> 479402
(17, 17, 16, 16, 16, 14, 10) -> 479403
(10, 10, 8, 8, 8, 8, 7) -> 479404
(7, 7, 7, 8, 9) -> 479405
(9, 8, 9, 9, 8, 9, 9, 9) -> 479406
(9, 9, 9, 9, 9, 8, 9, 9) -> 479407
(9, 8, 8, 9, 8, 8, 9, 8) -> 479408
(8, 9, 9, 9, 9, 9, 9, 9, 9, 8) -> 479409
(8, 10, 10, 8, 9) -> 479410
(9, 9, 9, 9, 9, 8, 10, 9) -> 479411
(9, 10, 10, 10, 9, 10, 9) -> 479412
(9, 10, 10, 10, 10, 9, 10, 10, 10, 11) -> 479413
(11, 9, 9, 10, 11) -> 479414
(11, 10, 11, 10, 10, 10, 10, 9) -> 479415
(9, 9, 9, 10, 10, 10, 9, 10, 9) -> 479416
(9, 10, 9, 9, 10, 10, 9, 10, 11) -> 479417
(11, 10, 10, 10, 11, 11, 12, 13) -> 479418
(13, 14, 44) -> 479419
(44, 40, 45, 42) -> 479420
(42, 29, 7) -> 479421
(7, 7, 7, 7, 7, 8, 8, 9, 9) -> 479422
(9, 8, 8, 8, 8, 8, 9, 9) -> 479423
(9, 10, 10, 9, 10, 12) -> 479424
(12, 12, 10, 8, 9) -> 479425
(9, 9, 8, 9, 9, 9, 10, 9) -> 479426
(9, 10, 9, 11, 13) -> 479427
(13, 15, 11, 12) -> 479428
(12, 11, 11, 10, 11, 11, 11, 11, 11) -> 479429
(11, 13, 14, 13, 13) -> 479430
(13, 13, 13, 12, 11, 12) -> 479431
(12, 12, 11, 12, 11, 11, 11, 11, 12) -> 479432
(12, 11, 10, 11, 12, 11) -> 479433
(11, 12, 12, 11, 11, 11, 11, 12, 11) -> 479434
(11, 11, 12, 12, 12, 12, 10) -> 479435
(10, 11, 11, 11, 11, 12, 12, 12) -> 479436
(12, 11, 12, 12, 12, 12, 13, 13) -> 479437
(13, 15, 19, 40) -> 479438
(40, 53, 48) -> 479439
(48, 48, 30) -> 479440
(30, 5) -> 479441
(5, 7, 9) -> 479442
(9, 8, 8, 9, 8, 8, 8, 9) -> 479443
(9, 9, 9, 9, 9, 9, 9, 9, 9, 10, 10, 11) -> 479444
(11, 10, 10, 10, 11, 11, 10, 10, 11) -> 479445
(11, 12, 11, 11, 10, 10, 10, 12) -> 479446
(12, 10, 10, 10, 9, 9) -> 479447
(9, 8, 9, 10, 10, 9, 8) -> 479448
(8, 9, 9, 10, 13) -> 479449
(13, 10, 8, 7, 28) -> 479450
(28, 61, 84) -> 479451
(84, 89, 93, 87) -> 479452
(87, 82, 81, 78, 83) -> 479453
(83, 61, 58) -> 479454
(58, 48, 45, 51) -> 479455
(51, 46, 49, 50) -> 479456
(50, 50, 51, 51, 49, 50) -> 479457
(50, 51, 49, 47, 46) -> 479458
(46, 52, 50, 45) -> 479459
=====================================================================

=====================================================================
Sequência codificada: 
Primeiros 50 códigos:
[227, 226, 257, 256, 256, 257, 261, 227, 260, 261, 257, 225, 225, 226, 267, 258, 264, 263, 272, 273, 262, 228, 273, 228, 279, 279, 227, 228, 229, 284, 285, 284, 283, 279, 285, 288, 230, 286, 229, 230, 283, 293, 284, 230, 231, 231, 297, 293, 230, 304]

Últimos 50 códigos:
[404533, 97137, 425807, 97847, 452582, 464790, 442577, 453465, 63792, 335283, 46465, 373870, 457906, 95355, 448085, 451241, 97134, 398921, 455235, 432150, 194137, 426246, 95743, 402441, 92144, 428197, 425279, 376947, 54175, 21131, 30, 380744, 425780, 424819, 450322, 440578, 379678, 428215, 192906, 376418, 384911, 112298, 205177, 465674, 346496, 169188, 355204, 396991, 137286, 45]
=====================================================================

=====================================================================
Tamanho da mensagem original: 
2073600
=====================================================================

=====================================================================
Tamanho original em bits: 
16588800
=====================================================================

=====================================================================
Tamanho comprimido em bits: 
7863061
=====================================================================

=====================================================================
Porcentagem de compressão: 
52.60%
=====================================================================

