=====================================================================
Resolução da imagem:
1920 x 1080
=====================================================================

=====================================================================
Quantidade de pixels:
2073600
=====================================================================

=====================================================================
Vetor original de pixels: 
Primeiros 50 pixels:
[236 237 237 237 238 238 236 237 237 236 236 235 234 234 233 232 231 231
 231 231 231 231 231 231 231 231 231 232 232 232 232 232 232 231 231 230
 230 230 231 231 232 231 231 231 231 231 231 230 229 228]

Últimos 50 pixels:
[162 162 161 162 162 162 161 162 162 161 162 162 163 163 164 164 164 164
 164 164 163 163 164 165 164 164 164 164 164 163 163 162 162 162 162 162
 161 162 162 162 161 162 162 163 162 162 162 162 162 162]
=====================================================================

=====================================================================
Dicionário gerado: 
Primeiras 300 entradas:
(0,) -> 0
(1,) -> 1
(2,) -> 2
(3,) -> 3
(4,) -> 4
(5,) -> 5
(6,) -> 6
(7,) -> 7
(8,) -> 8
(9,) -> 9
(10,) -> 10
(11,) -> 11
(12,) -> 12
(13,) -> 13
(14,) -> 14
(15,) -> 15
(16,) -> 16
(17,) -> 17
(18,) -> 18
(19,) -> 19
(20,) -> 20
(21,) -> 21
(22,) -> 22
(23,) -> 23
(24,) -> 24
(25,) -> 25
(26,) -> 26
(27,) -> 27
(28,) -> 28
(29,) -> 29
(30,) -> 30
(31,) -> 31
(32,) -> 32
(33,) -> 33
(34,) -> 34
(35,) -> 35
(36,) -> 36
(37,) -> 37
(38,) -> 38
(39,) -> 39
(40,) -> 40
(41,) -> 41
(42,) -> 42
(43,) -> 43
(44,) -> 44
(45,) -> 45
(46,) -> 46
(47,) -> 47
(48,) -> 48
(49,) -> 49
(50,) -> 50
(51,) -> 51
(52,) -> 52
(53,) -> 53
(54,) -> 54
(55,) -> 55
(56,) -> 56
(57,) -> 57
(58,) -> 58
(59,) -> 59
(60,) -> 60
(61,) -> 61
(62,) -> 62
(63,) -> 63
(64,) -> 64
(65,) -> 65
(66,) -> 66
(67,) -> 67
(68,) -> 68
(69,) -> 69
(70,) -> 70
(71,) -> 71
(72,) -> 72
(73,) -> 73
(74,) -> 74
(75,) -> 75
(76,) -> 76
(77,) -> 77
(78,) -> 78
(79,) -> 79
(80,) -> 80
(81,) -> 81
(82,) -> 82
(83,) -> 83
(84,) -> 84
(85,) -> 85
(86,) -> 86
(87,) -> 87
(88,) -> 88
(89,) -> 89
(90,) -> 90
(91,) -> 91
(92,) -> 92
(93,) -> 93
(94,) -> 94
(95,) -> 95
(96,) -> 96
(97,) -> 97
(98,) -> 98
(99,) -> 99
(100,) -> 100
(101,) -> 101
(102,) -> 102
(103,) -> 103
(104,) -> 104
(105,) -> 105
(106,) -> 106
(107,) -> 107
(108,) -> 108
(109,) -> 109
(110,) -> 110
(111,) -> 111
(112,) -> 112
(113,) -> 113
(114,) -> 114
(115,) -> 115
(116,) -> 116
(117,) -> 117
(118,) -> 118
(119,) -> 119
(120,) -> 120
(121,) -> 121
(122,) -> 122
(123,) -> 123
(124,) -> 124
(125,) -> 125
(126,) -> 126
(127,) -> 127
(128,) -> 128
(129,) -> 129
(130,) -> 130
(131,) -> 131
(132,) -> 132
(133,) -> 133
(134,) -> 134
(135,) -> 135
(136,) -> 136
(137,) -> 137
(138,) -> 138
(139,) -> 139
(140,) -> 140
(141,) -> 141
(142,) -> 142
(143,) -> 143
(144,) -> 144
(145,) -> 145
(146,) -> 146
(147,) -> 147
(148,) -> 148
(149,) -> 149
(150,) -> 150
(151,) -> 151
(152,) -> 152
(153,) -> 153
(154,) -> 154
(155,) -> 155
(156,) -> 156
(157,) -> 157
(158,) -> 158
(159,) -> 159
(160,) -> 160
(161,) -> 161
(162,) -> 162
(163,) -> 163
(164,) -> 164
(165,) -> 165
(166,) -> 166
(167,) -> 167
(168,) -> 168
(169,) -> 169
(170,) -> 170
(171,) -> 171
(172,) -> 172
(173,) -> 173
(174,) -> 174
(175,) -> 175
(176,) -> 176
(177,) -> 177
(178,) -> 178
(179,) -> 179
(180,) -> 180
(181,) -> 181
(182,) -> 182
(183,) -> 183
(184,) -> 184
(185,) -> 185
(186,) -> 186
(187,) -> 187
(188,) -> 188
(189,) -> 189
(190,) -> 190
(191,) -> 191
(192,) -> 192
(193,) -> 193
(194,) -> 194
(195,) -> 195
(196,) -> 196
(197,) -> 197
(198,) -> 198
(199,) -> 199
(200,) -> 200
(201,) -> 201
(202,) -> 202
(203,) -> 203
(204,) -> 204
(205,) -> 205
(206,) -> 206
(207,) -> 207
(208,) -> 208
(209,) -> 209
(210,) -> 210
(211,) -> 211
(212,) -> 212
(213,) -> 213
(214,) -> 214
(215,) -> 215
(216,) -> 216
(217,) -> 217
(218,) -> 218
(219,) -> 219
(220,) -> 220
(221,) -> 221
(222,) -> 222
(223,) -> 223
(224,) -> 224
(225,) -> 225
(226,) -> 226
(227,) -> 227
(228,) -> 228
(229,) -> 229
(230,) -> 230
(231,) -> 231
(232,) -> 232
(233,) -> 233
(234,) -> 234
(235,) -> 235
(236,) -> 236
(237,) -> 237
(238,) -> 238
(239,) -> 239
(240,) -> 240
(241,) -> 241
(242,) -> 242
(243,) -> 243
(244,) -> 244
(245,) -> 245
(246,) -> 246
(247,) -> 247
(248,) -> 248
(249,) -> 249
(250,) -> 250
(251,) -> 251
(252,) -> 252
(253,) -> 253
(254,) -> 254
(255,) -> 255
(236, 237) -> 256
(237, 237) -> 257
(237, 237, 238) -> 258
(238, 238) -> 259
(238, 236) -> 260
(236, 237, 237) -> 261
(237, 236) -> 262
(236, 236) -> 263
(236, 235) -> 264
(235, 234) -> 265
(234, 234) -> 266
(234, 233) -> 267
(233, 232) -> 268
(232, 231) -> 269
(231, 231) -> 270
(231, 231, 231) -> 271
(231, 231, 231, 231) -> 272
(231, 231, 231, 231, 231) -> 273
(231, 232) -> 274
(232, 232) -> 275
(232, 232, 232) -> 276
(232, 232, 232, 231) -> 277
(231, 231, 230) -> 278
(230, 230) -> 279
(230, 230, 231) -> 280
(231, 231, 232) -> 281
(232, 231, 231) -> 282
(231, 231, 231, 231, 231, 230) -> 283
(230, 229) -> 284
(229, 228) -> 285
(228, 226) -> 286
(226, 226) -> 287
(226, 226, 225) -> 288
(225, 224) -> 289
(224, 223) -> 290
(223, 223) -> 291
(223, 223, 223) -> 292
(223, 225) -> 293
(225, 225) -> 294
(225, 225, 226) -> 295
(226, 226, 227) -> 296
(227, 228) -> 297
(228, 228) -> 298
(228, 228, 228) -> 299

Últimas 100 entradas:
(127, 129, 126, 131) -> 437824
(131, 131, 129, 135) -> 437825
(135, 136, 140, 144) -> 437826
(144, 142, 140, 145) -> 437827
(145, 146, 146, 146, 146, 148) -> 437828
(148, 152, 151, 152) -> 437829
(152, 154, 155, 154) -> 437830
(154, 156, 158, 158, 157) -> 437831
(157, 158, 159, 160, 159) -> 437832
(159, 160, 160, 161, 161, 162, 161) -> 437833
(161, 161, 162, 163, 163, 165) -> 437834
(165, 165, 165, 165, 164, 165, 165, 166) -> 437835
(166, 166, 167, 167, 167, 167, 167, 167, 169) -> 437836
(169, 168, 169, 169, 170, 170, 169) -> 437837
(169, 170, 169, 170, 170, 170, 170, 171, 171, 170) -> 437838
(170, 170, 171, 171, 171, 171, 171, 171, 171, 171) -> 437839
(171, 171, 171, 171, 172, 171, 172, 172) -> 437840
(172, 171, 172, 172, 172, 172, 172, 173, 173) -> 437841
(173, 173, 172, 173, 173, 172, 172, 173) -> 437842
(173, 173, 173, 172, 173, 173, 173, 173, 173) -> 437843
(173, 174, 173, 173, 175) -> 437844
(175, 174, 174, 175, 174, 176) -> 437845
(176, 174, 175, 174, 173) -> 437846
(173, 174, 176, 176, 176, 175) -> 437847
(175, 176, 177, 176, 177) -> 437848
(177, 175, 175, 177) -> 437849
(177, 177, 176, 177, 177, 177, 177, 177, 177) -> 437850
(177, 177, 177, 178, 178, 178, 178, 178, 178, 178) -> 437851
(178, 178, 178, 179, 179, 180, 180, 179) -> 437852
(179, 179, 179, 179, 180, 179, 179, 180, 181) -> 437853
(181, 180, 180, 180, 180, 179, 180, 181) -> 437854
(181, 181, 181, 182, 181, 181, 182, 182) -> 437855
(182, 183, 182, 182, 184, 183) -> 437856
(183, 183, 182, 183, 184, 184, 184, 184) -> 437857
(184, 184, 184, 184, 183, 185, 185) -> 437858
(185, 185, 185, 185, 185, 186, 186, 184) -> 437859
(184, 185, 186, 186, 186, 186, 186, 186, 187) -> 437860
(187, 187, 187, 187, 188, 188, 188, 189, 189, 188) -> 437861
(188, 188, 189, 188, 189, 189, 189, 190, 189) -> 437862
(189, 190, 190, 189, 189, 190, 190, 190) -> 437863
(190, 190, 190, 190, 190, 190, 191, 191, 191, 191, 192) -> 437864
(192, 191, 191, 192, 192, 192, 192, 192, 192, 192, 192) -> 437865
(192, 192, 192, 193, 193, 193, 193, 192, 193) -> 437866
(193, 194, 194, 194, 193, 194, 193, 194) -> 437867
(194, 194, 195, 195, 195, 195, 195, 195, 194, 194) -> 437868
(194, 195, 196, 195, 195, 194, 194) -> 437869
(194, 195, 196, 196, 195, 196) -> 437870
(196, 197, 197, 197, 197, 197, 196, 197) -> 437871
(197, 198, 198, 198, 198, 198, 198, 199, 199, 199, 199) -> 437872
(199, 199, 199, 200, 199, 199, 199, 200) -> 437873
(200, 199, 200, 199, 199, 199, 199, 199, 200) -> 437874
(200, 199, 200, 200, 202, 202) -> 437875
(202, 202, 202, 203, 204, 205, 207) -> 437876
(207, 208, 208, 208, 210, 209) -> 437877
(209, 209, 210, 210, 210, 211, 212, 210) -> 437878
(210, 210, 210, 210, 211, 211, 211, 211, 210, 210, 211) -> 437879
(211, 211, 211, 211, 211, 211, 211, 211, 211, 211, 211, 212, 211) -> 437880
(211, 212, 212, 212, 212, 212, 212, 212, 212, 212, 211, 212) -> 437881
(212, 212, 211, 211, 212, 212, 211, 211, 212, 212) -> 437882
(212, 212, 212, 212, 212, 212, 212, 213, 212, 211, 212, 212) -> 437883
(212, 211, 212, 212, 212, 213, 213, 213, 213, 213) -> 437884
(213, 213, 213, 213, 213, 214, 214, 213, 214) -> 437885
(214, 214, 214, 214, 214, 214, 214, 214, 214, 213, 213, 214, 214) -> 437886
(214, 213, 213, 212, 212, 214) -> 437887
(214, 213, 213, 214, 214, 214, 213, 214, 214, 214) -> 437888
(214, 214, 214, 214, 214, 214, 214, 214, 215, 214, 213) -> 437889
(213, 214, 214, 215, 214, 215, 215, 214, 215) -> 437890
(215, 214, 215, 215, 214, 214, 214, 215, 215, 215) -> 437891
(215, 215, 215, 215, 215, 215, 215, 216, 216, 216, 216, 216, 215, 215) -> 437892
(215, 215, 216, 216, 216, 215, 215, 215, 215, 216) -> 437893
(216, 216, 215, 215, 215, 216, 215, 215, 216, 215, 215, 215, 215) -> 437894
(215, 215, 215, 215, 215, 216, 215, 214, 216) -> 437895
(216, 214, 216, 217) -> 437896
(217, 216, 216, 216, 216, 216, 217, 216, 216, 216, 216) -> 437897
(216, 217, 216, 216, 216, 216, 216, 216, 217, 217, 217) -> 437898
(217, 217, 217, 217, 216, 216, 216, 216, 216, 216, 217) -> 437899
(217, 216, 217, 217, 217, 217, 217, 217, 217, 217, 218, 218) -> 437900
(218, 218, 218, 218, 218, 217, 217, 217, 218, 218) -> 437901
(218, 217, 217, 217, 217, 217, 217, 217, 218, 217, 217, 217) -> 437902
(217, 217, 218, 218, 218, 218, 217, 217, 218, 219) -> 437903
(219, 218, 219, 221) -> 437904
(221, 218, 183) -> 437905
(183, 167, 161) -> 437906
(161, 160, 159, 158, 158, 158) -> 437907
(158, 159, 160, 161, 162, 162) -> 437908
(162, 162, 162, 163, 162, 163, 164, 164) -> 437909
(164, 163, 162, 161, 161, 160) -> 437910
(160, 157, 153, 151, 151, 149) -> 437911
(149, 149, 149, 149, 149, 150, 151) -> 437912
(151, 151, 150, 150, 152, 152) -> 437913
(152, 155, 155, 157) -> 437914
(157, 158, 159, 158, 159, 160) -> 437915
(160, 160, 160, 162, 162) -> 437916
(162, 162, 161, 162, 162, 161, 162) -> 437917
(162, 162, 162, 161, 162, 162, 161) -> 437918
(161, 162, 162, 163, 163, 164, 164) -> 437919
(164, 164, 164, 164, 164, 163, 163, 164) -> 437920
(164, 165, 164, 164, 164, 164, 164, 163) -> 437921
(163, 163, 162, 162, 162, 162, 162, 161, 162) -> 437922
(162, 162, 162, 161, 162, 162, 163) -> 437923
=====================================================================

=====================================================================
Sequência codificada: 
Primeiros 50 códigos:
[236, 237, 257, 238, 238, 256, 237, 236, 236, 235, 234, 234, 233, 232, 231, 270, 271, 272, 231, 232, 275, 276, 270, 230, 279, 270, 269, 273, 230, 229, 228, 226, 287, 225, 224, 223, 291, 223, 225, 294, 287, 227, 228, 298, 228, 229, 301, 228, 279, 284]

Últimos 50 códigos:
[250057, 119675, 115309, 161820, 179206, 385914, 375917, 379800, 355323, 380555, 373539, 195099, 65127, 410916, 152152, 423150, 364459, 410108, 185971, 428681, 143548, 90884, 426466, 434616, 207416, 109965, 63600, 341930, 181556, 5066, 872, 7305, 355250, 292498, 315527, 347048, 313904, 313863, 250127, 1482, 271152, 294471, 400318, 317583, 359998, 412297, 388919, 423784, 317583, 399951]
=====================================================================

=====================================================================
Tamanho da mensagem original: 
2073600
=====================================================================

=====================================================================
Tamanho original em bits: 
16588800
=====================================================================

=====================================================================
Tamanho comprimido em bits: 
7276123
=====================================================================

=====================================================================
Porcentagem de compressão: 
56.14%
=====================================================================

