=====================================================================
Resolução da imagem:
640 x 360
=====================================================================

=====================================================================
Quantidade de pixels:
230400
=====================================================================

=====================================================================
Vetor original de pixels: 
Primeiros 50 pixels:
[159 158 157 157 156 156 156 156 155 154 154 153 152 151 150 149 147 147
 147 147 147 147 149 150 152 153 153 154 155 156 157 157 157 155 152 148
 145 142 136 136 138 139 141 142 143 144 146 147 148 149]

Últimos 50 pixels:
[152 151 148 139 124 109 102 102 104 103 100  98  98 101 103 103 101  99
  97  94  95  96 100 103 107 112 119 122 126 128 127 126 125 125 123 121
 120 122 125 127 127 128 131 132 130 131 133 129 123 119]
=====================================================================

=====================================================================
Dicionário gerado: 
Primeiras 300 entradas:
(0,) -> 0
(1,) -> 1
(2,) -> 2
(3,) -> 3
(4,) -> 4
(5,) -> 5
(6,) -> 6
(7,) -> 7
(8,) -> 8
(9,) -> 9
(10,) -> 10
(11,) -> 11
(12,) -> 12
(13,) -> 13
(14,) -> 14
(15,) -> 15
(16,) -> 16
(17,) -> 17
(18,) -> 18
(19,) -> 19
(20,) -> 20
(21,) -> 21
(22,) -> 22
(23,) -> 23
(24,) -> 24
(25,) -> 25
(26,) -> 26
(27,) -> 27
(28,) -> 28
(29,) -> 29
(30,) -> 30
(31,) -> 31
(32,) -> 32
(33,) -> 33
(34,) -> 34
(35,) -> 35
(36,) -> 36
(37,) -> 37
(38,) -> 38
(39,) -> 39
(40,) -> 40
(41,) -> 41
(42,) -> 42
(43,) -> 43
(44,) -> 44
(45,) -> 45
(46,) -> 46
(47,) -> 47
(48,) -> 48
(49,) -> 49
(50,) -> 50
(51,) -> 51
(52,) -> 52
(53,) -> 53
(54,) -> 54
(55,) -> 55
(56,) -> 56
(57,) -> 57
(58,) -> 58
(59,) -> 59
(60,) -> 60
(61,) -> 61
(62,) -> 62
(63,) -> 63
(64,) -> 64
(65,) -> 65
(66,) -> 66
(67,) -> 67
(68,) -> 68
(69,) -> 69
(70,) -> 70
(71,) -> 71
(72,) -> 72
(73,) -> 73
(74,) -> 74
(75,) -> 75
(76,) -> 76
(77,) -> 77
(78,) -> 78
(79,) -> 79
(80,) -> 80
(81,) -> 81
(82,) -> 82
(83,) -> 83
(84,) -> 84
(85,) -> 85
(86,) -> 86
(87,) -> 87
(88,) -> 88
(89,) -> 89
(90,) -> 90
(91,) -> 91
(92,) -> 92
(93,) -> 93
(94,) -> 94
(95,) -> 95
(96,) -> 96
(97,) -> 97
(98,) -> 98
(99,) -> 99
(100,) -> 100
(101,) -> 101
(102,) -> 102
(103,) -> 103
(104,) -> 104
(105,) -> 105
(106,) -> 106
(107,) -> 107
(108,) -> 108
(109,) -> 109
(110,) -> 110
(111,) -> 111
(112,) -> 112
(113,) -> 113
(114,) -> 114
(115,) -> 115
(116,) -> 116
(117,) -> 117
(118,) -> 118
(119,) -> 119
(120,) -> 120
(121,) -> 121
(122,) -> 122
(123,) -> 123
(124,) -> 124
(125,) -> 125
(126,) -> 126
(127,) -> 127
(128,) -> 128
(129,) -> 129
(130,) -> 130
(131,) -> 131
(132,) -> 132
(133,) -> 133
(134,) -> 134
(135,) -> 135
(136,) -> 136
(137,) -> 137
(138,) -> 138
(139,) -> 139
(140,) -> 140
(141,) -> 141
(142,) -> 142
(143,) -> 143
(144,) -> 144
(145,) -> 145
(146,) -> 146
(147,) -> 147
(148,) -> 148
(149,) -> 149
(150,) -> 150
(151,) -> 151
(152,) -> 152
(153,) -> 153
(154,) -> 154
(155,) -> 155
(156,) -> 156
(157,) -> 157
(158,) -> 158
(159,) -> 159
(160,) -> 160
(161,) -> 161
(162,) -> 162
(163,) -> 163
(164,) -> 164
(165,) -> 165
(166,) -> 166
(167,) -> 167
(168,) -> 168
(169,) -> 169
(170,) -> 170
(171,) -> 171
(172,) -> 172
(173,) -> 173
(174,) -> 174
(175,) -> 175
(176,) -> 176
(177,) -> 177
(178,) -> 178
(179,) -> 179
(180,) -> 180
(181,) -> 181
(182,) -> 182
(183,) -> 183
(184,) -> 184
(185,) -> 185
(186,) -> 186
(187,) -> 187
(188,) -> 188
(189,) -> 189
(190,) -> 190
(191,) -> 191
(192,) -> 192
(193,) -> 193
(194,) -> 194
(195,) -> 195
(196,) -> 196
(197,) -> 197
(198,) -> 198
(199,) -> 199
(200,) -> 200
(201,) -> 201
(202,) -> 202
(203,) -> 203
(204,) -> 204
(205,) -> 205
(206,) -> 206
(207,) -> 207
(208,) -> 208
(209,) -> 209
(210,) -> 210
(211,) -> 211
(212,) -> 212
(213,) -> 213
(214,) -> 214
(215,) -> 215
(216,) -> 216
(217,) -> 217
(218,) -> 218
(219,) -> 219
(220,) -> 220
(221,) -> 221
(222,) -> 222
(223,) -> 223
(224,) -> 224
(225,) -> 225
(226,) -> 226
(227,) -> 227
(228,) -> 228
(229,) -> 229
(230,) -> 230
(231,) -> 231
(232,) -> 232
(233,) -> 233
(234,) -> 234
(235,) -> 235
(236,) -> 236
(237,) -> 237
(238,) -> 238
(239,) -> 239
(240,) -> 240
(241,) -> 241
(242,) -> 242
(243,) -> 243
(244,) -> 244
(245,) -> 245
(246,) -> 246
(247,) -> 247
(248,) -> 248
(249,) -> 249
(250,) -> 250
(251,) -> 251
(252,) -> 252
(253,) -> 253
(254,) -> 254
(255,) -> 255
(159, 158) -> 256
(158, 157) -> 257
(157, 157) -> 258
(157, 156) -> 259
(156, 156) -> 260
(156, 156, 156) -> 261
(156, 155) -> 262
(155, 154) -> 263
(154, 154) -> 264
(154, 153) -> 265
(153, 152) -> 266
(152, 151) -> 267
(151, 150) -> 268
(150, 149) -> 269
(149, 147) -> 270
(147, 147) -> 271
(147, 147, 147) -> 272
(147, 147, 147, 149) -> 273
(149, 150) -> 274
(150, 152) -> 275
(152, 153) -> 276
(153, 153) -> 277
(153, 154) -> 278
(154, 155) -> 279
(155, 156) -> 280
(156, 157) -> 281
(157, 157, 157) -> 282
(157, 155) -> 283
(155, 152) -> 284
(152, 148) -> 285
(148, 145) -> 286
(145, 142) -> 287
(142, 136) -> 288
(136, 136) -> 289
(136, 138) -> 290
(138, 139) -> 291
(139, 141) -> 292
(141, 142) -> 293
(142, 143) -> 294
(143, 144) -> 295
(144, 146) -> 296
(146, 147) -> 297
(147, 148) -> 298
(148, 149) -> 299

Últimas 100 entradas:
(76, 79, 86, 93) -> 97725
(93, 98, 103, 101) -> 97726
(101, 98, 95, 91) -> 97727
(91, 85, 80, 78) -> 97728
(78, 76, 77, 83) -> 97729
(83, 92, 102) -> 97730
(102, 108, 111, 110) -> 97731
(110, 106, 103, 101) -> 97732
(101, 100, 99, 102) -> 97733
(102, 102, 104, 107) -> 97734
(107, 110, 112, 112) -> 97735
(112, 111, 109, 107, 104) -> 97736
(104, 101, 96, 91) -> 97737
(91, 89, 91, 96) -> 97738
(96, 104, 116) -> 97739
(116, 127, 132, 133) -> 97740
(133, 130, 127, 124) -> 97741
(124, 122, 122, 122, 121) -> 97742
(121, 120, 117, 107) -> 97743
(107, 90, 68) -> 97744
(68, 51, 44) -> 97745
(44, 46, 55) -> 97746
(55, 66, 72) -> 97747
(72, 72, 74, 77) -> 97748
(77, 78, 78, 73) -> 97749
(73, 64, 52, 44) -> 97750
(44, 34, 27) -> 97751
(27, 28, 32, 38) -> 97752
(38, 45, 49) -> 97753
(49, 53, 59, 63) -> 97754
(63, 66, 67) -> 97755
(67, 67, 69, 70) -> 97756
(70, 69, 70, 69) -> 97757
(69, 68, 68, 70) -> 97758
(70, 72, 74, 75) -> 97759
(75, 75, 71) -> 97760
(71, 65, 60, 54) -> 97761
(54, 46, 39, 31) -> 97762
(31, 25, 19, 14) -> 97763
(14, 11, 13) -> 97764
(13, 16, 19, 20) -> 97765
(20, 20, 20, 22, 23) -> 97766
(23, 23, 24, 24, 25) -> 97767
(25, 26, 26, 25) -> 97768
(25, 26, 29, 31, 33) -> 97769
(33, 34, 35, 37) -> 97770
(37, 39, 41, 42) -> 97771
(42, 42, 41, 40) -> 97772
(40, 42, 43, 43) -> 97773
(43, 42, 42, 44) -> 97774
(44, 47, 47, 46) -> 97775
(46, 42, 38, 38) -> 97776
(38, 43, 48, 49) -> 97777
(49, 50, 54, 59) -> 97778
(59, 63, 64, 64) -> 97779
(64, 67, 67, 67) -> 97780
(67, 67, 66, 64) -> 97781
(64, 61, 55) -> 97782
(55, 49, 41) -> 97783
(41, 34, 28, 21) -> 97784
(21, 17, 17, 22) -> 97785
(22, 29, 35, 37) -> 97786
(37, 36, 35, 42) -> 97787
(42, 45, 45, 40) -> 97788
(40, 32, 25, 20) -> 97789
(20, 16, 16) -> 97790
(16, 21, 28) -> 97791
(28, 37, 51) -> 97792
(51, 67, 86) -> 97793
(86, 104, 120) -> 97794
(120, 129, 133) -> 97795
(133, 135, 136, 138) -> 97796
(138, 138, 137, 136, 134) -> 97797
(134, 133, 132, 129, 127) -> 97798
(127, 124, 126, 131) -> 97799
(131, 139, 143, 144) -> 97800
(144, 143, 141, 138, 133) -> 97801
(133, 129, 126, 124) -> 97802
(124, 122, 117, 113) -> 97803
(113, 108, 105, 104) -> 97804
(104, 103, 106, 113) -> 97805
(113, 120, 126, 128) -> 97806
(128, 129, 131, 136) -> 97807
(136, 140, 143, 145) -> 97808
(145, 148, 150, 149, 150) -> 97809
(150, 151, 152, 151, 148) -> 97810
(148, 139, 124) -> 97811
(124, 109, 102) -> 97812
(102, 102, 104, 103) -> 97813
(103, 100, 98, 98) -> 97814
(98, 101, 103, 103, 101) -> 97815
(101, 99, 97, 94, 95) -> 97816
(95, 96, 100, 103) -> 97817
(103, 107, 112, 119) -> 97818
(119, 122, 126, 128) -> 97819
(128, 127, 126, 125, 125, 123) -> 97820
(123, 121, 120, 122, 125) -> 97821
(125, 127, 127, 128) -> 97822
(128, 131, 132, 130, 131) -> 97823
(131, 133, 129) -> 97824
=====================================================================

=====================================================================
Sequência codificada: 
Primeiros 50 códigos:
[159, 158, 157, 157, 156, 260, 156, 155, 154, 154, 153, 152, 151, 150, 149, 147, 271, 272, 149, 150, 152, 153, 153, 154, 155, 156, 258, 157, 155, 152, 148, 145, 142, 136, 136, 138, 139, 141, 142, 143, 144, 146, 147, 148, 149, 151, 279, 155, 303, 265]

Últimos 50 códigos:
[69215, 36098, 21570, 91188, 23838, 26615, 21444, 12010, 92939, 61358, 71717, 11689, 21417, 76608, 10829, 60590, 19405, 34165, 53560, 8097, 14178, 67526, 70821, 32394, 72330, 31331, 4369, 75231, 5243, 87502, 14138, 7527, 54270, 21530, 66285, 31239, 42902, 8382, 33811, 63199, 74631, 50082, 53767, 18292, 29952, 59275, 32661, 72166, 10566, 62416]
=====================================================================

=====================================================================
Tamanho da mensagem original: 
230400
=====================================================================

=====================================================================
Tamanho original em bits: 
1843200
=====================================================================

=====================================================================
Tamanho comprimido em bits: 
1264651
=====================================================================

=====================================================================
Porcentagem de compressão: 
31.39%
=====================================================================

